0.0020	0.6168	-4.1786	-0.7720	-1.0021	4.1205	4.0769
0.0040	0.6148	-4.1704	-0.7639	-1.0004	4.1137	4.0505
0.0060	0.6128	-4.1622	-0.7559	-0.9988	4.1068	4.0242
0.0080	0.6108	-4.1540	-0.7479	-0.9971	4.1001	3.9980
0.0100	0.6088	-4.1458	-0.7400	-0.9955	4.0933	3.9718
0.0120	0.6068	-4.1376	-0.7321	-0.9938	4.0866	3.9457
0.0140	0.6048	-4.1295	-0.7242	-0.9922	4.0800	3.9197
0.0160	0.6028	-4.1213	-0.7164	-0.9906	4.0733	3.8937
0.0180	0.6009	-4.1132	-0.7087	-0.9890	4.0667	3.8678
0.0200	0.5989	-4.1051	-0.7010	-0.9874	4.0602	3.8419
0.0220	0.5969	-4.0969	-0.6934	-0.9858	4.0537	3.8162
0.0240	0.5950	-4.0889	-0.6858	-0.9843	4.0472	3.7905
0.0260	0.5930	-4.0808	-0.6783	-0.9827	4.0407	3.7648
0.0280	0.5910	-4.0727	-0.6708	-0.9811	4.0343	3.7393
0.0300	0.5891	-4.0646	-0.6634	-0.9796	4.0280	3.7137
0.0320	0.5871	-4.0566	-0.6560	-0.9780	4.0216	3.6883
0.0340	0.5852	-4.0486	-0.6487	-0.9765	4.0153	3.6629
0.0360	0.5832	-4.0406	-0.6414	-0.9750	4.0090	3.6376
0.0380	0.5813	-4.0326	-0.6342	-0.9735	4.0028	3.6123
0.0400	0.5793	-4.0246	-0.6270	-0.9720	3.9966	3.5871
0.0420	0.5774	-4.0166	-0.6199	-0.9705	3.9904	3.5620
0.0440	0.5754	-4.0086	-0.6128	-0.9690	3.9843	3.5369
0.0460	0.5735	-4.0007	-0.6058	-0.9675	3.9782	3.5119
0.0480	0.5716	-3.9927	-0.5988	-0.9660	3.9721	3.4869
0.0500	0.5696	-3.9848	-0.5919	-0.9645	3.9661	3.4620
0.0520	0.5677	-3.9769	-0.5850	-0.9631	3.9601	3.4372
0.0540	0.5658	-3.9689	-0.5782	-0.9616	3.9541	3.4124
0.0560	0.5639	-3.9611	-0.5714	-0.9602	3.9482	3.3877
0.0580	0.5620	-3.9532	-0.5647	-0.9587	3.9423	3.3630
0.0600	0.5600	-3.9453	-0.5580	-0.9573	3.9364	3.3384
0.0620	0.5581	-3.9374	-0.5514	-0.9559	3.9306	3.3138
0.0640	0.5562	-3.9296	-0.5448	-0.9545	3.9247	3.2893
0.0660	0.5543	-3.9217	-0.5383	-0.9531	3.9190	3.2648
0.0680	0.5524	-3.9139	-0.5318	-0.9517	3.9132	3.2405
0.0700	0.5505	-3.9061	-0.5253	-0.9503	3.9075	3.2161
0.0720	0.5486	-3.8983	-0.5190	-0.9489	3.9018	3.1918
0.0740	0.5467	-3.8905	-0.5126	-0.9475	3.8961	3.1676
0.0760	0.5448	-3.8827	-0.5063	-0.9462	3.8905	3.1434
0.0780	0.5429	-3.8750	-0.5001	-0.9448	3.8849	3.1193
0.0800	0.5410	-3.8672	-0.4939	-0.9434	3.8793	3.0952
0.0820	0.5392	-3.8595	-0.4878	-0.9421	3.8738	3.0712
0.0840	0.5373	-3.8517	-0.4817	-0.9407	3.8683	3.0472
0.0860	0.5354	-3.8440	-0.4756	-0.9394	3.8628	3.0233
0.0880	0.5335	-3.8363	-0.4696	-0.9381	3.8573	2.9994
0.0900	0.5317	-3.8286	-0.4637	-0.9368	3.8519	2.9756
0.0920	0.5298	-3.8209	-0.4578	-0.9355	3.8465	2.9518
0.0940	0.5279	-3.8132	-0.4519	-0.9341	3.8411	2.9281
0.0960	0.5260	-3.8055	-0.4461	-0.9328	3.8358	2.9044
0.0980	0.5242	-3.7979	-0.4404	-0.9316	3.8305	2.8808
0.1000	0.5223	-3.7902	-0.4346	-0.9303	3.8252	2.8572
0.1020	0.5205	-3.7826	-0.4290	-0.9290	3.8199	2.8337
0.1040	0.5186	-3.7749	-0.4233	-0.9277	3.8147	2.8102
0.1060	0.5168	-3.7673	-0.4178	-0.9264	3.8095	2.7867
0.1080	0.5149	-3.7597	-0.4122	-0.9252	3.8043	2.7633
0.1100	0.5131	-3.7521	-0.4068	-0.9239	3.7991	2.7400
0.1120	0.5112	-3.7445	-0.4013	-0.9227	3.7940	2.7167
0.1140	0.5094	-3.7370	-0.3959	-0.9214	3.7889	2.6934
0.1160	0.5075	-3.7294	-0.3906	-0.9202	3.7838	2.6702
0.1180	0.5057	-3.7218	-0.3853	-0.9190	3.7788	2.6470
0.1200	0.5039	-3.7143	-0.3801	-0.9178	3.7738	2.6239
0.1220	0.5020	-3.7067	-0.3749	-0.9165	3.7688	2.6008
0.1240	0.5002	-3.6992	-0.3697	-0.9153	3.7638	2.5778
0.1260	0.4984	-3.6917	-0.3646	-0.9141	3.7588	2.5548
0.1280	0.4965	-3.6842	-0.3595	-0.9129	3.7539	2.5318
0.1300	0.4947	-3.6767	-0.3545	-0.9117	3.7490	2.5089
0.1320	0.4929	-3.6692	-0.3495	-0.9105	3.7441	2.4861
0.1340	0.4911	-3.6617	-0.3446	-0.9094	3.7393	2.4632
0.1360	0.4893	-3.6543	-0.3397	-0.9082	3.7344	2.4404
0.1380	0.4874	-3.6468	-0.3349	-0.9070	3.7296	2.4177
0.1400	0.4856	-3.6393	-0.3301	-0.9059	3.7248	2.3950
0.1420	0.4838	-3.6319	-0.3254	-0.9047	3.7201	2.3723
0.1440	0.4820	-3.6245	-0.3207	-0.9035	3.7153	2.3497
0.1460	0.4802	-3.6171	-0.3160	-0.9024	3.7106	2.3271
0.1480	0.4784	-3.6096	-0.3114	-0.9013	3.7059	2.3046
0.1500	0.4766	-3.6022	-0.3068	-0.9001	3.7013	2.2821
0.1520	0.4748	-3.5948	-0.3023	-0.8990	3.6966	2.2596
0.1540	0.4730	-3.5875	-0.2978	-0.8979	3.6920	2.2372
0.1560	0.4712	-3.5801	-0.2934	-0.8968	3.6874	2.2148
0.1580	0.4694	-3.5727	-0.2890	-0.8956	3.6828	2.1924
0.1600	0.4676	-3.5654	-0.2847	-0.8945	3.6782	2.1701
0.1620	0.4659	-3.5580	-0.2804	-0.8934	3.6737	2.1478
0.1640	0.4641	-3.5507	-0.2761	-0.8923	3.6692	2.1256
0.1660	0.4623	-3.5433	-0.2719	-0.8912	3.6647	2.1034
0.1680	0.4605	-3.5360	-0.2678	-0.8901	3.6602	2.0812
0.1700	0.4587	-3.5287	-0.2637	-0.8891	3.6558	2.0590
0.1720	0.4570	-3.5214	-0.2596	-0.8880	3.6513	2.0369
0.1740	0.4552	-3.5141	-0.2556	-0.8869	3.6469	2.0149
0.1760	0.4534	-3.5068	-0.2516	-0.8858	3.6425	1.9929
0.1780	0.4516	-3.4996	-0.2476	-0.8848	3.6381	1.9709
0.1800	0.4499	-3.4923	-0.2437	-0.8837	3.6338	1.9489
0.1820	0.4481	-3.4850	-0.2399	-0.8827	3.6295	1.9270
0.1840	0.4463	-3.4778	-0.2361	-0.8816	3.6251	1.9051
0.1860	0.4446	-3.4705	-0.2323	-0.8806	3.6208	1.8832
0.1880	0.4428	-3.4633	-0.2286	-0.8795	3.6166	1.8614
0.1900	0.4411	-3.4561	-0.2249	-0.8785	3.6123	1.8396
0.1920	0.4393	-3.4489	-0.2213	-0.8775	3.6081	1.8178
0.1940	0.4376	-3.4417	-0.2177	-0.8764	3.6039	1.7961
0.1960	0.4358	-3.4345	-0.2141	-0.8754	3.5997	1.7744
0.1980	0.4341	-3.4273	-0.2106	-0.8744	3.5955	1.7527
0.2000	0.4323	-3.4201	-0.2072	-0.8734	3.5913	1.7311
0.2020	0.4306	-3.4129	-0.2037	-0.8724	3.5872	1.7095
0.2040	0.4288	-3.4057	-0.2004	-0.8714	3.5830	1.6879
0.2060	0.4271	-3.3986	-0.1970	-0.8704	3.5789	1.6664
0.2080	0.4253	-3.3914	-0.1937	-0.8694	3.5748	1.6449
0.2100	0.4236	-3.3843	-0.1905	-0.8684	3.5708	1.6234
0.2120	0.4219	-3.3772	-0.1873	-0.8674	3.5667	1.6019
0.2140	0.4201	-3.3700	-0.1841	-0.8664	3.5627	1.5805
0.2160	0.4184	-3.3629	-0.1810	-0.8654	3.5586	1.5591
0.2180	0.4167	-3.3558	-0.1779	-0.8645	3.5546	1.5378
0.2200	0.4150	-3.3487	-0.1749	-0.8635	3.5507	1.5165
0.2220	0.4132	-3.3416	-0.1719	-0.8625	3.5467	1.4952
0.2240	0.4115	-3.3345	-0.1690	-0.8616	3.5427	1.4739
0.2260	0.4098	-3.3275	-0.1661	-0.8606	3.5388	1.4526
0.2280	0.4081	-3.3204	-0.1632	-0.8597	3.5349	1.4314
0.2300	0.4063	-3.3133	-0.1604	-0.8587	3.5309	1.4102
0.2320	0.4046	-3.3063	-0.1576	-0.8578	3.5271	1.3891
0.2340	0.4029	-3.2992	-0.1549	-0.8568	3.5232	1.3679
0.2360	0.4012	-3.2922	-0.1522	-0.8559	3.5193	1.3468
0.2380	0.3995	-3.2852	-0.1495	-0.8549	3.5155	1.3258
0.2400	0.3978	-3.2781	-0.1469	-0.8540	3.5116	1.3047
0.2420	0.3961	-3.2711	-0.1443	-0.8531	3.5078	1.2837
0.2440	0.3944	-3.2641	-0.1418	-0.8522	3.5040	1.2627
0.2460	0.3927	-3.2571	-0.1393	-0.8512	3.5002	1.2417
0.2480	0.3910	-3.2501	-0.1369	-0.8503	3.4965	1.2208
0.2500	0.3893	-3.2431	-0.1345	-0.8494	3.4927	1.1999
0.2520	0.3876	-3.2361	-0.1321	-0.8485	3.4890	1.1790
0.2540	0.3859	-3.2292	-0.1298	-0.8476	3.4852	1.1581
0.2560	0.3842	-3.2222	-0.1275	-0.8467	3.4815	1.1373
0.2580	0.3825	-3.2153	-0.1253	-0.8458	3.4778	1.1165
0.2600	0.3808	-3.2083	-0.1231	-0.8449	3.4741	1.0957
0.2620	0.3791	-3.2014	-0.1210	-0.8440	3.4705	1.0749
0.2640	0.3774	-3.1944	-0.1189	-0.8431	3.4668	1.0542
0.2660	0.3757	-3.1875	-0.1168	-0.8422	3.4632	1.0335
0.2680	0.3741	-3.1806	-0.1148	-0.8413	3.4595	1.0128
0.2700	0.3724	-3.1737	-0.1128	-0.8405	3.4559	0.9921
0.2720	0.3707	-3.1668	-0.1108	-0.8396	3.4523	0.9715
0.2740	0.3690	-3.1599	-0.1089	-0.8387	3.4487	0.9509
0.2760	0.3674	-3.1530	-0.1071	-0.8378	3.4451	0.9303
0.2780	0.3657	-3.1461	-0.1053	-0.8370	3.4415	0.9097
0.2800	0.3640	-3.1392	-0.1035	-0.8361	3.4380	0.8892
0.2820	0.3623	-3.1324	-0.1017	-0.8352	3.4344	0.8686
0.2840	0.3607	-3.1255	-0.1000	-0.8344	3.4309	0.8481
0.2860	0.3590	-3.1186	-0.0984	-0.8335	3.4274	0.8277
0.2880	0.3573	-3.1118	-0.0968	-0.8327	3.4239	0.8072
0.2900	0.3557	-3.1050	-0.0952	-0.8318	3.4204	0.7868
0.2920	0.3540	-3.0981	-0.0937	-0.8310	3.4169	0.7664
0.2940	0.3524	-3.0913	-0.0922	-0.8301	3.4134	0.7460
0.2960	0.3507	-3.0845	-0.0907	-0.8293	3.4099	0.7256
0.2980	0.3490	-3.0777	-0.0893	-0.8284	3.4065	0.7053
0.3000	0.3474	-3.0709	-0.0879	-0.8276	3.4030	0.6850
0.3020	0.3457	-3.0641	-0.0866	-0.8268	3.3996	0.6647
0.3040	0.3441	-3.0573	-0.0853	-0.8259	3.3962	0.6444
0.3060	0.3424	-3.0505	-0.0841	-0.8251	3.3928	0.6242
0.3080	0.3408	-3.0437	-0.0829	-0.8243	3.3894	0.6039
0.3100	0.3391	-3.0369	-0.0817	-0.8234	3.3860	0.5837
0.3120	0.3375	-3.0302	-0.0806	-0.8226	3.3826	0.5635
0.3140	0.3358	-3.0234	-0.0795	-0.8218	3.3792	0.5434
0.3160	0.3342	-3.0167	-0.0784	-0.8210	3.3758	0.5232
0.3180	0.3326	-3.0099	-0.0774	-0.8202	3.3725	0.5031
0.3200	0.3309	-3.0032	-0.0765	-0.8194	3.3691	0.4830
0.3220	0.3293	-2.9964	-0.0755	-0.8185	3.3658	0.4629
0.3240	0.3276	-2.9897	-0.0747	-0.8177	3.3625	0.4428
0.3260	0.3260	-2.9830	-0.0738	-0.8169	3.3592	0.4228
0.3280	0.3244	-2.9763	-0.0730	-0.8161	3.3559	0.4028
0.3300	0.3227	-2.9696	-0.0722	-0.8153	3.3526	0.3828
0.3320	0.3211	-2.9629	-0.0715	-0.8145	3.3493	0.3628
0.3340	0.3195	-2.9562	-0.0708	-0.8137	3.3460	0.3428
0.3360	0.3179	-2.9495	-0.0702	-0.8129	3.3427	0.3229
0.3380	0.3162	-2.9428	-0.0696	-0.8121	3.3394	0.3030
0.3400	0.3146	-2.9362	-0.0690	-0.8113	3.3362	0.2831
0.3420	0.3130	-2.9295	-0.0685	-0.8106	3.3329	0.2632
0.3440	0.3114	-2.9228	-0.0680	-0.8098	3.3297	0.2433
0.3460	0.3098	-2.9162	-0.0675	-0.8090	3.3265	0.2235
0.3480	0.3081	-2.9095	-0.0671	-0.8082	3.3232	0.2037
0.3500	0.3065	-2.9029	-0.0668	-0.8074	3.3200	0.1839
0.3520	0.3049	-2.8963	-0.0664	-0.8066	3.3168	0.1641
0.3540	0.3033	-2.8896	-0.0662	-0.8058	3.3136	0.1443
0.3560	0.3017	-2.8830	-0.0659	-0.8051	3.3104	0.1246
0.3580	0.3001	-2.8764	-0.0657	-0.8043	3.3072	0.1049
0.3600	0.2985	-2.8698	-0.0655	-0.8035	3.3040	0.0852
0.3620	0.2969	-2.8632	-0.0654	-0.8027	3.3008	0.0655
0.3640	0.2953	-2.8566	-0.0653	-0.8020	3.2977	0.0458
0.3660	0.2937	-2.8500	-0.0653	-0.8012	3.2945	0.0262
0.3680	0.2921	-2.8434	-0.0652	-0.8004	3.2913	0.0065
0.3700	0.2905	-2.8368	-0.0653	-0.7997	3.2882	-0.0131
0.3720	0.2889	-2.8303	-0.0653	-0.7989	3.2850	-0.0327
0.3740	0.2873	-2.8237	-0.0654	-0.7981	3.2819	-0.0522
0.3760	0.2857	-2.8171	-0.0656	-0.7974	3.2788	-0.0718
0.3780	0.2841	-2.8106	-0.0658	-0.7966	3.2756	-0.0913
0.3800	0.2825	-2.8040	-0.0660	-0.7959	3.2725	-0.1108
0.3820	0.2809	-2.7975	-0.0662	-0.7951	3.2694	-0.1303
0.3840	0.2793	-2.7910	-0.0665	-0.7943	3.2663	-0.1498
0.3860	0.2777	-2.7845	-0.0669	-0.7936	3.2632	-0.1693
0.3880	0.2761	-2.7779	-0.0673	-0.7928	3.2601	-0.1887
0.3900	0.2746	-2.7714	-0.0677	-0.7921	3.2570	-0.2082
0.3920	0.2730	-2.7649	-0.0681	-0.7913	3.2539	-0.2276
0.3940	0.2714	-2.7584	-0.0686	-0.7906	3.2508	-0.2469
0.3960	0.2698	-2.7519	-0.0692	-0.7898	3.2477	-0.2663
0.3980	0.2682	-2.7454	-0.0697	-0.7891	3.2446	-0.2857
0.4000	0.2667	-2.7389	-0.0703	-0.7883	3.2415	-0.3050
0.4020	0.2651	-2.7325	-0.0710	-0.7876	3.2385	-0.3243
0.4040	0.2635	-2.7260	-0.0717	-0.7868	3.2354	-0.3436
0.4060	0.2619	-2.7195	-0.0724	-0.7861	3.2323	-0.3629
0.4080	0.2604	-2.7131	-0.0732	-0.7853	3.2293	-0.3822
0.4100	0.2588	-2.7066	-0.0740	-0.7846	3.2262	-0.4014
0.4120	0.2572	-2.7002	-0.0748	-0.7839	3.2232	-0.4206
0.4140	0.2557	-2.6937	-0.0757	-0.7831	3.2201	-0.4398
0.4160	0.2541	-2.6873	-0.0766	-0.7824	3.2171	-0.4590
0.4180	0.2525	-2.6809	-0.0776	-0.7816	3.2140	-0.4782
0.4200	0.2510	-2.6744	-0.0786	-0.7809	3.2110	-0.4973
0.4220	0.2494	-2.6680	-0.0796	-0.7802	3.2080	-0.5165
0.4240	0.2479	-2.6616	-0.0807	-0.7794	3.2049	-0.5356
0.4260	0.2463	-2.6552	-0.0818	-0.7787	3.2019	-0.5547
0.4280	0.2447	-2.6488	-0.0829	-0.7780	3.1989	-0.5738
0.4300	0.2432	-2.6424	-0.0841	-0.7772	3.1959	-0.5928
0.4320	0.2416	-2.6360	-0.0853	-0.7765	3.1928	-0.6119
0.4340	0.2401	-2.6297	-0.0866	-0.7757	3.1898	-0.6309
0.4360	0.2385	-2.6233	-0.0879	-0.7750	3.1868	-0.6499
0.4380	0.2370	-2.6169	-0.0892	-0.7743	3.1838	-0.6689
0.4400	0.2354	-2.6106	-0.0906	-0.7736	3.1808	-0.6879
0.4420	0.2339	-2.6042	-0.0920	-0.7728	3.1778	-0.7068
0.4440	0.2323	-2.5979	-0.0935	-0.7721	3.1748	-0.7258
0.4460	0.2308	-2.5915	-0.0950	-0.7714	3.1718	-0.7447
0.4480	0.2293	-2.5852	-0.0965	-0.7706	3.1688	-0.7636
0.4500	0.2277	-2.5788	-0.0980	-0.7699	3.1658	-0.7824
0.4520	0.2262	-2.5725	-0.0997	-0.7692	3.1628	-0.8013
0.4540	0.2246	-2.5662	-0.1013	-0.7684	3.1598	-0.8202
0.4560	0.2231	-2.5599	-0.1030	-0.7677	3.1568	-0.8390
0.4580	0.2216	-2.5536	-0.1047	-0.7670	3.1538	-0.8578
0.4600	0.2200	-2.5473	-0.1064	-0.7663	3.1508	-0.8766
0.4620	0.2185	-2.5410	-0.1082	-0.7655	3.1478	-0.8954
0.4640	0.2170	-2.5347	-0.1101	-0.7648	3.1448	-0.9141
0.4660	0.2155	-2.5284	-0.1119	-0.7641	3.1418	-0.9328
0.4680	0.2139	-2.5221	-0.1138	-0.7633	3.1388	-0.9516
0.4700	0.2124	-2.5159	-0.1158	-0.7626	3.1358	-0.9703
0.4720	0.2109	-2.5096	-0.1177	-0.7619	3.1328	-0.9889
0.4740	0.2094	-2.5033	-0.1198	-0.7612	3.1298	-1.0076
0.4760	0.2078	-2.4971	-0.1218	-0.7604	3.1269	-1.0262
0.4780	0.2063	-2.4908	-0.1239	-0.7597	3.1239	-1.0449
0.4800	0.2048	-2.4846	-0.1260	-0.7590	3.1209	-1.0635
0.4820	0.2033	-2.4784	-0.1282	-0.7583	3.1179	-1.0821
0.4840	0.2018	-2.4721	-0.1304	-0.7575	3.1149	-1.1006
0.4860	0.2003	-2.4659	-0.1326	-0.7568	3.1119	-1.1192
0.4880	0.1987	-2.4597	-0.1349	-0.7561	3.1089	-1.1377
0.4900	0.1972	-2.4535	-0.1372	-0.7554	3.1060	-1.1562
0.4920	0.1957	-2.4473	-0.1396	-0.7546	3.1030	-1.1747
0.4940	0.1942	-2.4411	-0.1420	-0.7539	3.1000	-1.1932
0.4960	0.1927	-2.4349	-0.1444	-0.7532	3.0970	-1.2116
0.4980	0.1912	-2.4287	-0.1468	-0.7524	3.0940	-1.2301
0.5000	0.1897	-2.4225	-0.1493	-0.7517	3.0910	-1.2485
0.5020	0.1882	-2.4163	-0.1519	-0.7510	3.0880	-1.2669
0.5040	0.1867	-2.4102	-0.1544	-0.7503	3.0851	-1.2853
0.5060	0.1852	-2.4040	-0.1570	-0.7495	3.0821	-1.3036
0.5080	0.1837	-2.3978	-0.1597	-0.7488	3.0791	-1.3220
0.5100	0.1822	-2.3917	-0.1624	-0.7481	3.0761	-1.3403
0.5120	0.1807	-2.3855	-0.1651	-0.7474	3.0731	-1.3586
0.5140	0.1792	-2.3794	-0.1678	-0.7466	3.0701	-1.3769
0.5160	0.1777	-2.3733	-0.1706	-0.7459	3.0671	-1.3951
0.5180	0.1762	-2.3671	-0.1735	-0.7452	3.0641	-1.4134
0.5200	0.1747	-2.3610	-0.1763	-0.7444	3.0611	-1.4316
0.5220	0.1733	-2.3549	-0.1792	-0.7437	3.0581	-1.4498
0.5240	0.1718	-2.3488	-0.1822	-0.7430	3.0551	-1.4680
0.5260	0.1703	-2.3427	-0.1851	-0.7423	3.0521	-1.4861
0.5280	0.1688	-2.3366	-0.1881	-0.7415	3.0491	-1.5043
0.5300	0.1673	-2.3305	-0.1912	-0.7408	3.0461	-1.5224
0.5320	0.1658	-2.3244	-0.1943	-0.7401	3.0431	-1.5405
0.5340	0.1644	-2.3183	-0.1974	-0.7393	3.0401	-1.5586
0.5360	0.1629	-2.3122	-0.2005	-0.7386	3.0371	-1.5767
0.5380	0.1614	-2.3062	-0.2037	-0.7379	3.0341	-1.5947
0.5400	0.1599	-2.3001	-0.2070	-0.7371	3.0311	-1.6127
0.5420	0.1585	-2.2941	-0.2102	-0.7364	3.0281	-1.6307
0.5440	0.1570	-2.2880	-0.2135	-0.7357	3.0251	-1.6487
0.5460	0.1555	-2.2820	-0.2168	-0.7350	3.0221	-1.6667
0.5480	0.1541	-2.2759	-0.2202	-0.7342	3.0191	-1.6846
0.5500	0.1526	-2.2699	-0.2236	-0.7335	3.0160	-1.7025
0.5520	0.1511	-2.2639	-0.2271	-0.7327	3.0130	-1.7204
0.5540	0.1497	-2.2578	-0.2305	-0.7320	3.0100	-1.7383
0.5560	0.1482	-2.2518	-0.2340	-0.7313	3.0070	-1.7562
0.5580	0.1467	-2.2458	-0.2376	-0.7305	3.0039	-1.7740
0.5600	0.1453	-2.2398	-0.2412	-0.7298	3.0009	-1.7918
0.5620	0.1438	-2.2338	-0.2448	-0.7291	2.9979	-1.8096
0.5640	0.1424	-2.2278	-0.2485	-0.7283	2.9949	-1.8274
0.5660	0.1409	-2.2219	-0.2521	-0.7276	2.9918	-1.8451
0.5680	0.1395	-2.2159	-0.2559	-0.7269	2.9888	-1.8629
0.5700	0.1380	-2.2099	-0.2596	-0.7261	2.9857	-1.8806
0.5720	0.1366	-2.2039	-0.2634	-0.7254	2.9827	-1.8983
0.5740	0.1351	-2.1980	-0.2673	-0.7246	2.9797	-1.9159
0.5760	0.1337	-2.1920	-0.2711	-0.7239	2.9766	-1.9336
0.5780	0.1322	-2.1861	-0.2750	-0.7232	2.9736	-1.9512
0.5800	0.1308	-2.1801	-0.2790	-0.7224	2.9705	-1.9688
0.5820	0.1293	-2.1742	-0.2829	-0.7217	2.9675	-1.9864
0.5840	0.1279	-2.1683	-0.2869	-0.7209	2.9644	-2.0039
0.5860	0.1264	-2.1624	-0.2910	-0.7202	2.9613	-2.0215
0.5880	0.1250	-2.1564	-0.2951	-0.7194	2.9583	-2.0390
0.5900	0.1236	-2.1505	-0.2992	-0.7187	2.9552	-2.0565
0.5920	0.1221	-2.1446	-0.3033	-0.7179	2.9521	-2.0739
0.5940	0.1207	-2.1387	-0.3075	-0.7172	2.9491	-2.0914
0.5960	0.1193	-2.1328	-0.3117	-0.7165	2.9460	-2.1088
0.5980	0.1178	-2.1269	-0.3160	-0.7157	2.9429	-2.1262
0.6000	0.1164	-2.1211	-0.3203	-0.7150	2.9398	-2.1436
0.6020	0.1150	-2.1152	-0.3246	-0.7142	2.9368	-2.1610
0.6040	0.1135	-2.1093	-0.3289	-0.7135	2.9337	-2.1783
0.6060	0.1121	-2.1035	-0.3333	-0.7127	2.9306	-2.1956
0.6080	0.1107	-2.0976	-0.3378	-0.7120	2.9275	-2.2129
0.6100	0.1093	-2.0918	-0.3422	-0.7112	2.9244	-2.2301
0.6120	0.1078	-2.0859	-0.3467	-0.7104	2.9213	-2.2474
0.6140	0.1064	-2.0801	-0.3512	-0.7097	2.9182	-2.2646
0.6160	0.1050	-2.0743	-0.3558	-0.7089	2.9151	-2.2818
0.6180	0.1036	-2.0684	-0.3604	-0.7082	2.9120	-2.2990
0.6200	0.1022	-2.0626	-0.3650	-0.7074	2.9089	-2.3161
0.6220	0.1008	-2.0568	-0.3697	-0.7067	2.9058	-2.3332
0.6240	0.0994	-2.0510	-0.3744	-0.7059	2.9026	-2.3504
0.6260	0.0979	-2.0452	-0.3791	-0.7051	2.8995	-2.3674
0.6280	0.0965	-2.0394	-0.3839	-0.7044	2.8964	-2.3845
0.6300	0.0951	-2.0336	-0.3887	-0.7036	2.8933	-2.4015
0.6320	0.0937	-2.0278	-0.3936	-0.7029	2.8901	-2.4185
0.6340	0.0923	-2.0221	-0.3984	-0.7021	2.8870	-2.4355
0.6360	0.0909	-2.0163	-0.4033	-0.7013	2.8839	-2.4525
0.6380	0.0895	-2.0105	-0.4083	-0.7006	2.8807	-2.4694
0.6400	0.0881	-2.0048	-0.4132	-0.6998	2.8776	-2.4863
0.6420	0.0867	-1.9990	-0.4182	-0.6990	2.8744	-2.5032
0.6440	0.0853	-1.9933	-0.4233	-0.6983	2.8713	-2.5200
0.6460	0.0839	-1.9875	-0.4284	-0.6975	2.8681	-2.5369
0.6480	0.0825	-1.9818	-0.4335	-0.6967	2.8650	-2.5537
0.6500	0.0811	-1.9761	-0.4386	-0.6960	2.8618	-2.5705
0.6520	0.0797	-1.9704	-0.4438	-0.6952	2.8587	-2.5872
0.6540	0.0784	-1.9647	-0.4490	-0.6944	2.8555	-2.6040
0.6560	0.0770	-1.9590	-0.4542	-0.6937	2.8523	-2.6207
0.6580	0.0756	-1.9533	-0.4595	-0.6929	2.8491	-2.6374
0.6600	0.0742	-1.9476	-0.4648	-0.6921	2.8460	-2.6540
0.6620	0.0728	-1.9419	-0.4702	-0.6914	2.8428	-2.6707
0.6640	0.0714	-1.9362	-0.4755	-0.6906	2.8396	-2.6873
0.6660	0.0701	-1.9305	-0.4809	-0.6898	2.8364	-2.7039
0.6680	0.0687	-1.9249	-0.4864	-0.6890	2.8332	-2.7204
0.6700	0.0673	-1.9192	-0.4919	-0.6882	2.8300	-2.7370
0.6720	0.0659	-1.9136	-0.4974	-0.6875	2.8268	-2.7535
0.6740	0.0646	-1.9079	-0.5029	-0.6867	2.8236	-2.7700
0.6760	0.0632	-1.9023	-0.5085	-0.6859	2.8204	-2.7864
0.6780	0.0618	-1.8966	-0.5141	-0.6851	2.8172	-2.8029
0.6800	0.0604	-1.8910	-0.5197	-0.6843	2.8140	-2.8193
0.6820	0.0591	-1.8854	-0.5254	-0.6836	2.8108	-2.8357
0.6840	0.0577	-1.8798	-0.5311	-0.6828	2.8076	-2.8520
0.6860	0.0563	-1.8742	-0.5368	-0.6820	2.8043	-2.8683
0.6880	0.0550	-1.8686	-0.5426	-0.6812	2.8011	-2.8846
0.6900	0.0536	-1.8630	-0.5484	-0.6804	2.7979	-2.9009
0.6920	0.0523	-1.8574	-0.5542	-0.6796	2.7946	-2.9172
0.6940	0.0509	-1.8518	-0.5601	-0.6789	2.7914	-2.9334
0.6960	0.0496	-1.8462	-0.5660	-0.6781	2.7882	-2.9496
0.6980	0.0482	-1.8406	-0.5719	-0.6773	2.7849	-2.9658
0.7000	0.0468	-1.8351	-0.5779	-0.6765	2.7817	-2.9819
0.7020	0.0455	-1.8295	-0.5839	-0.6757	2.7784	-2.9980
0.7040	0.0441	-1.8240	-0.5899	-0.6749	2.7752	-3.0141
0.7060	0.0428	-1.8184	-0.5960	-0.6741	2.7719	-3.0302
0.7080	0.0414	-1.8129	-0.6021	-0.6733	2.7686	-3.0462
0.7100	0.0401	-1.8074	-0.6082	-0.6725	2.7654	-3.0622
0.7120	0.0388	-1.8018	-0.6144	-0.6717	2.7621	-3.0782
0.7140	0.0374	-1.7963	-0.6205	-0.6709	2.7588	-3.0942
0.7160	0.0361	-1.7908	-0.6268	-0.6701	2.7556	-3.1101
0.7180	0.0347	-1.7853	-0.6330	-0.6693	2.7523	-3.1260
0.7200	0.0334	-1.7798	-0.6393	-0.6685	2.7490	-3.1419
0.7220	0.0321	-1.7743	-0.6456	-0.6677	2.7457	-3.1577
0.7240	0.0307	-1.7688	-0.6520	-0.6669	2.7424	-3.1735
0.7260	0.0294	-1.7633	-0.6583	-0.6661	2.7391	-3.1893
0.7280	0.0281	-1.7579	-0.6648	-0.6653	2.7358	-3.2051
0.7300	0.0267	-1.7524	-0.6712	-0.6645	2.7325	-3.2208
0.7320	0.0254	-1.7470	-0.6777	-0.6637	2.7292	-3.2365
0.7340	0.0241	-1.7415	-0.6842	-0.6629	2.7259	-3.2522
0.7360	0.0228	-1.7361	-0.6907	-0.6621	2.7226	-3.2679
0.7380	0.0214	-1.7306	-0.6973	-0.6613	2.7193	-3.2835
0.7400	0.0201	-1.7252	-0.7039	-0.6605	2.7160	-3.2991
0.7420	0.0188	-1.7198	-0.7105	-0.6597	2.7127	-3.3147
0.7440	0.0175	-1.7143	-0.7172	-0.6589	2.7093	-3.3302
0.7460	0.0162	-1.7089	-0.7239	-0.6581	2.7060	-3.3457
0.7480	0.0149	-1.7035	-0.7306	-0.6573	2.7027	-3.3612
0.7500	0.0135	-1.6981	-0.7373	-0.6565	2.6993	-3.3767
0.7520	0.0122	-1.6927	-0.7441	-0.6557	2.6960	-3.3921
0.7540	0.0109	-1.6873	-0.7509	-0.6548	2.6927	-3.4075
0.7560	0.0096	-1.6820	-0.7578	-0.6540	2.6893	-3.4229
0.7580	0.0083	-1.6766	-0.7646	-0.6532	2.6860	-3.4382
0.7600	0.0070	-1.6712	-0.7716	-0.6524	2.6826	-3.4535
0.7620	0.0057	-1.6659	-0.7785	-0.6516	2.6793	-3.4688
0.7640	0.0044	-1.6605	-0.7855	-0.6508	2.6759	-3.4841
0.7660	0.0031	-1.6552	-0.7925	-0.6499	2.6725	-3.4993
0.7680	0.0018	-1.6498	-0.7995	-0.6491	2.6692	-3.5145
0.7700	0.0005	-1.6445	-0.8065	-0.6483	2.6658	-3.5297
0.7720	-0.0008	-1.6392	-0.8136	-0.6475	2.6624	-3.5448
0.7740	-0.0021	-1.6339	-0.8208	-0.6467	2.6591	-3.5599
0.7760	-0.0034	-1.6286	-0.8279	-0.6459	2.6557	-3.5750
0.7780	-0.0047	-1.6232	-0.8351	-0.6450	2.6523	-3.5901
0.7800	-0.0060	-1.6179	-0.8423	-0.6442	2.6489	-3.6051
0.7820	-0.0072	-1.6127	-0.8495	-0.6434	2.6455	-3.6201
0.7840	-0.0085	-1.6074	-0.8568	-0.6426	2.6422	-3.6351
0.7860	-0.0098	-1.6021	-0.8641	-0.6417	2.6388	-3.6500
0.7880	-0.0111	-1.5968	-0.8714	-0.6409	2.6354	-3.6649
0.7900	-0.0124	-1.5916	-0.8788	-0.6401	2.6320	-3.6798
0.7920	-0.0137	-1.5863	-0.8862	-0.6393	2.6286	-3.6946
0.7940	-0.0149	-1.5811	-0.8936	-0.6384	2.6252	-3.7094
0.7960	-0.0162	-1.5758	-0.9011	-0.6376	2.6218	-3.7242
0.7980	-0.0175	-1.5706	-0.9085	-0.6368	2.6183	-3.7390
0.8000	-0.0188	-1.5653	-0.9160	-0.6359	2.6149	-3.7537
0.8020	-0.0200	-1.5601	-0.9236	-0.6351	2.6115	-3.7684
0.8040	-0.0213	-1.5549	-0.9311	-0.4313	1.8778	3.3291
0.8060	-0.0222	-1.5512	-0.9245	-0.4308	1.8758	3.3059
0.8080	-0.0230	-1.5474	-0.9180	-0.4304	1.8738	3.2827
0.8100	-0.0239	-1.5437	-0.9114	-0.4299	1.8717	3.2596
0.8120	-0.0247	-1.5399	-0.9050	-0.4294	1.8697	3.2365
0.8140	-0.0256	-1.5362	-0.8985	-0.4290	1.8678	3.2134
0.8160	-0.0264	-1.5325	-0.8922	-0.4285	1.8658	3.1904
0.8180	-0.0273	-1.5287	-0.8858	-0.4281	1.8638	3.1675
0.8200	-0.0282	-1.5250	-0.8795	-0.4276	1.8619	3.1446
0.8220	-0.0290	-1.5213	-0.8733	-0.4272	1.8599	3.1217
0.8240	-0.0299	-1.5176	-0.8671	-0.4268	1.8580	3.0989
0.8260	-0.0307	-1.5139	-0.8609	-0.4263	1.8561	3.0761
0.8280	-0.0316	-1.5101	-0.8548	-0.4259	1.8542	3.0533
0.8300	-0.0324	-1.5064	-0.8488	-0.4254	1.8523	3.0306
0.8320	-0.0333	-1.5027	-0.8428	-0.4250	1.8504	3.0079
0.8340	-0.0341	-1.4990	-0.8368	-0.4246	1.8486	2.9853
0.8360	-0.0350	-1.4954	-0.8309	-0.4242	1.8467	2.9627
0.8380	-0.0358	-1.4917	-0.8250	-0.4237	1.8449	2.9402
0.8400	-0.0367	-1.4880	-0.8192	-0.4233	1.8431	2.9176
0.8420	-0.0375	-1.4843	-0.8134	-0.4229	1.8412	2.8952
0.8440	-0.0384	-1.4806	-0.8076	-0.4225	1.8394	2.8727
0.8460	-0.0392	-1.4769	-0.8019	-0.4221	1.8377	2.8503
0.8480	-0.0400	-1.4733	-0.7963	-0.4217	1.8359	2.8280
0.8500	-0.0409	-1.4696	-0.7907	-0.4213	1.8341	2.8057
0.8520	-0.0417	-1.4659	-0.7851	-0.4209	1.8324	2.7834
0.8540	-0.0426	-1.4623	-0.7796	-0.4205	1.8306	2.7611
0.8560	-0.0434	-1.4586	-0.7741	-0.4201	1.8289	2.7389
0.8580	-0.0442	-1.4550	-0.7687	-0.4197	1.8272	2.7167
0.8600	-0.0451	-1.4513	-0.7633	-0.4193	1.8255	2.6946
0.8620	-0.0459	-1.4477	-0.7579	-0.4189	1.8238	2.6725
0.8640	-0.0468	-1.4440	-0.7526	-0.4185	1.8221	2.6504
0.8660	-0.0476	-1.4404	-0.7474	-0.4181	1.8204	2.6284
0.8680	-0.0484	-1.4367	-0.7421	-0.4177	1.8188	2.6064
0.8700	-0.0493	-1.4331	-0.7370	-0.4174	1.8171	2.5844
0.8720	-0.0501	-1.4295	-0.7319	-0.4170	1.8155	2.5625
0.8740	-0.0509	-1.4258	-0.7268	-0.4166	1.8139	2.5406
0.8760	-0.0518	-1.4222	-0.7217	-0.4162	1.8122	2.5187
0.8780	-0.0526	-1.4186	-0.7167	-0.4159	1.8106	2.4969
0.8800	-0.0534	-1.4150	-0.7118	-0.4155	1.8090	2.4751
0.8820	-0.0543	-1.4114	-0.7069	-0.4151	1.8075	2.4533
0.8840	-0.0551	-1.4078	-0.7020	-0.4148	1.8059	2.4316
0.8860	-0.0559	-1.4041	-0.6972	-0.4144	1.8043	2.4099
0.8880	-0.0567	-1.4005	-0.6924	-0.4141	1.8028	2.3882
0.8900	-0.0576	-1.3969	-0.6877	-0.4137	1.8012	2.3666
0.8920	-0.0584	-1.3933	-0.6830	-0.4134	1.7997	2.3449
0.8940	-0.0592	-1.3897	-0.6784	-0.4130	1.7982	2.3234
0.8960	-0.0601	-1.3862	-0.6737	-0.4127	1.7967	2.3018
0.8980	-0.0609	-1.3826	-0.6692	-0.4123	1.7952	2.2803
0.9000	-0.0617	-1.3790	-0.6647	-0.4120	1.7937	2.2588
0.9020	-0.0625	-1.3754	-0.6602	-0.4116	1.7922	2.2373
0.9040	-0.0633	-1.3718	-0.6558	-0.4113	1.7907	2.2159
0.9060	-0.0642	-1.3682	-0.6514	-0.4110	1.7893	2.1945
0.9080	-0.0650	-1.3647	-0.6470	-0.4106	1.7878	2.1731
0.9100	-0.0658	-1.3611	-0.6427	-0.4103	1.7864	2.1518
0.9120	-0.0666	-1.3575	-0.6385	-0.4100	1.7850	2.1304
0.9140	-0.0674	-1.3539	-0.6342	-0.4097	1.7836	2.1091
0.9160	-0.0683	-1.3504	-0.6301	-0.4093	1.7821	2.0879
0.9180	-0.0691	-1.3468	-0.6259	-0.4090	1.7807	2.0666
0.9200	-0.0699	-1.3433	-0.6218	-0.4087	1.7794	2.0454
0.9220	-0.0707	-1.3397	-0.6178	-0.4084	1.7780	2.0242
0.9240	-0.0715	-1.3362	-0.6138	-0.4081	1.7766	2.0030
0.9260	-0.0724	-1.3326	-0.6098	-0.4077	1.7752	1.9819
0.9280	-0.0732	-1.3291	-0.6059	-0.4074	1.7739	1.9608
0.9300	-0.0740	-1.3255	-0.6020	-0.4071	1.7726	1.9397
0.9320	-0.0748	-1.3220	-0.5982	-0.4068	1.7712	1.9186
0.9340	-0.0756	-1.3184	-0.5944	-0.4065	1.7699	1.8976
0.9360	-0.0764	-1.3149	-0.5906	-0.4062	1.7686	1.8766
0.9380	-0.0772	-1.3114	-0.5869	-0.4059	1.7673	1.8556
0.9400	-0.0780	-1.3078	-0.5833	-0.4056	1.7660	1.8346
0.9420	-0.0789	-1.3043	-0.5796	-0.4053	1.7647	1.8137
0.9440	-0.0797	-1.3008	-0.5760	-0.4050	1.7634	1.7928
0.9460	-0.0805	-1.2972	-0.5725	-0.4047	1.7621	1.7719
0.9480	-0.0813	-1.2937	-0.5690	-0.4044	1.7609	1.7510
0.9500	-0.0821	-1.2902	-0.5655	-0.4042	1.7596	1.7302
0.9520	-0.0829	-1.2867	-0.5621	-0.4039	1.7584	1.7093
0.9540	-0.0837	-1.2832	-0.5587	-0.4036	1.7571	1.6885
0.9560	-0.0845	-1.2797	-0.5554	-0.4033	1.7559	1.6677
0.9580	-0.0853	-1.2761	-0.5521	-0.4030	1.7547	1.6470
0.9600	-0.0861	-1.2726	-0.5489	-0.4027	1.7535	1.6262
0.9620	-0.0869	-1.2691	-0.5457	-0.4025	1.7523	1.6055
0.9640	-0.0877	-1.2656	-0.5425	-0.4022	1.7511	1.5848
0.9660	-0.0885	-1.2621	-0.5394	-0.4019	1.7499	1.5641
0.9680	-0.0893	-1.2586	-0.5363	-0.4017	1.7487	1.5435
0.9700	-0.0901	-1.2551	-0.5332	-0.4014	1.7476	1.5229
0.9720	-0.0909	-1.2516	-0.5302	-0.4011	1.7464	1.5022
0.9740	-0.0917	-1.2482	-0.5273	-0.4009	1.7452	1.4816
0.9760	-0.0925	-1.2447	-0.5243	-0.4006	1.7441	1.4611
0.9780	-0.0933	-1.2412	-0.5215	-0.4003	1.7430	1.4405
0.9800	-0.0941	-1.2377	-0.5186	-0.4001	1.7418	1.4200
0.9820	-0.0949	-1.2342	-0.5158	-0.3998	1.7407	1.3994
0.9840	-0.0957	-1.2307	-0.5131	-0.3996	1.7396	1.3789
0.9860	-0.0965	-1.2273	-0.5103	-0.3993	1.7385	1.3585
0.9880	-0.0973	-1.2238	-0.5077	-0.3990	1.7374	1.3380
0.9900	-0.0981	-1.2203	-0.5050	-0.3988	1.7363	1.3175
0.9920	-0.0989	-1.2168	-0.5024	-0.3985	1.7352	1.2971
0.9940	-0.0997	-1.2134	-0.4999	-0.3983	1.7341	1.2767
0.9960	-0.1005	-1.2099	-0.4974	-0.3980	1.7330	1.2563
0.9980	-0.1013	-1.2064	-0.4949	-0.3978	1.7320	1.2359
1.0000	-0.1021	-1.2030	-0.4925	-0.3976	1.7309	1.2156
1.0020	-0.1029	-1.1995	-0.4901	-0.3973	1.7298	1.1952
1.0040	-0.1037	-1.1961	-0.4877	-0.3971	1.7288	1.1749
1.0060	-0.1045	-1.1926	-0.4854	-0.3968	1.7278	1.1546
1.0080	-0.1053	-1.1892	-0.4831	-0.3966	1.7267	1.1343
1.0100	-0.1061	-1.1857	-0.4809	-0.3964	1.7257	1.1140
1.0120	-0.1069	-1.1823	-0.4787	-0.3961	1.7247	1.0938
1.0140	-0.1077	-1.1788	-0.4766	-0.3959	1.7237	1.0735
1.0160	-0.1085	-1.1754	-0.4745	-0.3957	1.7227	1.0533
1.0180	-0.1093	-1.1719	-0.4724	-0.3954	1.7217	1.0331
1.0200	-0.1100	-1.1685	-0.4704	-0.3952	1.7207	1.0129
1.0220	-0.1108	-1.1650	-0.4684	-0.3950	1.7197	0.9927
1.0240	-0.1116	-1.1616	-0.4665	-0.3948	1.7187	0.9725
1.0260	-0.1124	-1.1582	-0.4646	-0.3945	1.7177	0.9523
1.0280	-0.1132	-1.1547	-0.4627	-0.3943	1.7167	0.9322
1.0300	-0.1140	-1.1513	-0.4609	-0.3941	1.7158	0.9121
1.0320	-0.1148	-1.1479	-0.4591	-0.3939	1.7148	0.8919
1.0340	-0.1156	-1.1444	-0.4573	-0.3936	1.7138	0.8718
1.0360	-0.1164	-1.1410	-0.4556	-0.3934	1.7129	0.8518
1.0380	-0.1171	-1.1376	-0.4540	-0.3932	1.7119	0.8317
1.0400	-0.1179	-1.1342	-0.4523	-0.3930	1.7110	0.8116
1.0420	-0.1187	-1.1308	-0.4508	-0.3928	1.7101	0.7916
1.0440	-0.1195	-1.1273	-0.4492	-0.3926	1.7091	0.7715
1.0460	-0.1203	-1.1239	-0.4477	-0.3923	1.7082	0.7515
1.0480	-0.1211	-1.1205	-0.4463	-0.3921	1.7073	0.7315
1.0500	-0.1219	-1.1171	-0.4448	-0.3919	1.7064	0.7115
1.0520	-0.1226	-1.1137	-0.4434	-0.3917	1.7055	0.6915
1.0540	-0.1234	-1.1103	-0.4421	-0.3915	1.7046	0.6716
1.0560	-0.1242	-1.1069	-0.4408	-0.3913	1.7037	0.6516
1.0580	-0.1250	-1.1035	-0.4395	-0.3911	1.7028	0.6316
1.0600	-0.1258	-1.1001	-0.4383	-0.3909	1.7019	0.6117
1.0620	-0.1265	-1.0967	-0.4371	-0.3907	1.7010	0.5918
1.0640	-0.1273	-1.0933	-0.4360	-0.3905	1.7001	0.5719
1.0660	-0.1281	-1.0899	-0.4349	-0.3903	1.6992	0.5520
1.0680	-0.1289	-1.0865	-0.4338	-0.3901	1.6983	0.5321
1.0700	-0.1297	-1.0831	-0.4328	-0.3899	1.6974	0.5122
1.0720	-0.1304	-1.0797	-0.4318	-0.3897	1.6966	0.4923
1.0740	-0.1312	-1.0763	-0.4309	-0.3895	1.6957	0.4725
1.0760	-0.1320	-1.0729	-0.4300	-0.3893	1.6948	0.4526
1.0780	-0.1328	-1.0695	-0.4291	-0.3891	1.6940	0.4328
1.0800	-0.1336	-1.0661	-0.4283	-0.3889	1.6931	0.4130
1.0820	-0.1343	-1.0627	-0.4275	-0.3887	1.6923	0.3932
1.0840	-0.1351	-1.0593	-0.4267	-0.3885	1.6914	0.3734
1.0860	-0.1359	-1.0560	-0.4260	-0.3883	1.6906	0.3536
1.0880	-0.1367	-1.0526	-0.4254	-0.3881	1.6897	0.3338
1.0900	-0.1374	-1.0492	-0.4247	-0.3879	1.6889	0.3140
1.0920	-0.1382	-1.0458	-0.4241	-0.3877	1.6880	0.2943
1.0940	-0.1390	-1.0425	-0.4236	-0.3875	1.6872	0.2745
1.0960	-0.1398	-1.0391	-0.4231	-0.3873	1.6864	0.2548
1.0980	-0.1405	-1.0357	-0.4226	-0.3871	1.6855	0.2350
1.1000	-0.1413	-1.0323	-0.4222	-0.3869	1.6847	0.2153
1.1020	-0.1421	-1.0290	-0.4218	-0.3868	1.6839	0.1956
1.1040	-0.1429	-1.0256	-0.4214	-0.3866	1.6830	0.1759
1.1060	-0.1436	-1.0222	-0.4211	-0.3864	1.6822	0.1562
1.1080	-0.1444	-1.0189	-0.4209	-0.3862	1.6814	0.1365
1.1100	-0.1452	-1.0155	-0.4206	-0.3860	1.6806	0.1169
1.1120	-0.1460	-1.0122	-0.4204	-0.3858	1.6797	0.0972
1.1140	-0.1467	-1.0088	-0.4203	-0.3856	1.6789	0.0776
1.1160	-0.1475	-1.0055	-0.4202	-0.3854	1.6781	0.0579
1.1180	-0.1483	-1.0021	-0.4201	-0.3852	1.6773	0.0383
1.1200	-0.1490	-0.9987	-0.4200	-0.3851	1.6765	0.0187
1.1220	-0.1498	-0.9954	-0.4200	-0.3849	1.6757	-0.0010
1.1240	-0.1506	-0.9920	-0.4201	-0.3847	1.6748	-0.0206
1.1260	-0.1513	-0.9887	-0.4202	-0.3845	1.6740	-0.0401
1.1280	-0.1521	-0.9853	-0.4203	-0.3843	1.6732	-0.0597
1.1300	-0.1529	-0.9820	-0.4204	-0.3841	1.6724	-0.0793
1.1320	-0.1536	-0.9787	-0.4206	-0.3839	1.6716	-0.0989
1.1340	-0.1544	-0.9753	-0.4209	-0.3838	1.6708	-0.1184
1.1360	-0.1552	-0.9720	-0.4212	-0.3836	1.6700	-0.1380
1.1380	-0.1559	-0.9686	-0.4215	-0.3834	1.6692	-0.1575
1.1400	-0.1567	-0.9653	-0.4218	-0.3832	1.6683	-0.1770
1.1420	-0.1575	-0.9620	-0.4222	-0.3830	1.6675	-0.1966
1.1440	-0.1582	-0.9586	-0.4226	-0.3828	1.6667	-0.2161
1.1460	-0.1590	-0.9553	-0.4231	-0.3826	1.6659	-0.2356
1.1480	-0.1598	-0.9520	-0.4236	-0.3824	1.6651	-0.2551
1.1500	-0.1605	-0.9486	-0.4242	-0.3823	1.6643	-0.2745
1.1520	-0.1613	-0.9453	-0.4248	-0.3821	1.6635	-0.2940
1.1540	-0.1621	-0.9420	-0.4254	-0.3819	1.6626	-0.3135
1.1560	-0.1628	-0.9387	-0.4261	-0.3817	1.6618	-0.3329
1.1580	-0.1636	-0.9353	-0.4268	-0.3815	1.6610	-0.3524
1.1600	-0.1644	-0.9320	-0.4275	-0.3813	1.6602	-0.3718
1.1620	-0.1651	-0.9287	-0.4283	-0.3811	1.6594	-0.3912
1.1640	-0.1659	-0.9254	-0.4291	-0.3809	1.6586	-0.4106
1.1660	-0.1666	-0.9221	-0.4300	-0.3808	1.6577	-0.4300
1.1680	-0.1674	-0.9188	-0.4309	-0.3806	1.6569	-0.4494
1.1700	-0.1682	-0.9154	-0.4318	-0.3804	1.6561	-0.4688
1.1720	-0.1689	-0.9121	-0.4328	-0.3802	1.6553	-0.4882
1.1740	-0.1697	-0.9088	-0.4338	-0.3800	1.6544	-0.5075
1.1760	-0.1704	-0.9055	-0.4349	-0.3798	1.6536	-0.5269
1.1780	-0.1712	-0.9022	-0.4359	-0.3796	1.6528	-0.5462
1.1800	-0.1720	-0.8989	-0.4371	-0.3794	1.6519	-0.5655
1.1820	-0.1727	-0.8956	-0.4382	-0.3792	1.6511	-0.5849
1.1840	-0.1735	-0.8923	-0.4395	-0.3790	1.6503	-0.6042
1.1860	-0.1742	-0.8890	-0.4407	-0.3788	1.6494	-0.6235
1.1880	-0.1750	-0.8857	-0.4420	-0.3787	1.6486	-0.6427
1.1900	-0.1758	-0.8824	-0.4433	-0.3785	1.6478	-0.6620
1.1920	-0.1765	-0.8791	-0.4447	-0.3783	1.6469	-0.6813
1.1940	-0.1773	-0.8758	-0.4461	-0.3781	1.6461	-0.7005
1.1960	-0.1780	-0.8725	-0.4475	-0.3779	1.6452	-0.7198
1.1980	-0.1788	-0.8693	-0.4490	-0.3777	1.6444	-0.7390
1.2000	-0.1795	-0.8660	-0.4505	-0.3775	1.6435	-0.7582
1.2020	-0.1803	-0.8627	-0.4521	-0.3773	1.6426	-0.7774
1.2040	-0.1810	-0.8594	-0.4537	-0.3771	1.6418	-0.7966
1.2060	-0.1818	-0.8561	-0.4553	-0.3769	1.6409	-0.8158
1.2080	-0.1825	-0.8528	-0.4570	-0.3767	1.6400	-0.8350
1.2100	-0.1833	-0.8496	-0.4587	-0.3765	1.6392	-0.8541
1.2120	-0.1841	-0.8463	-0.4604	-0.3763	1.6383	-0.8733
1.2140	-0.1848	-0.8430	-0.4622	-0.3761	1.6374	-0.8924
1.2160	-0.1856	-0.8397	-0.4640	-0.3759	1.6365	-0.9116
1.2180	-0.1863	-0.8365	-0.4659	-0.3757	1.6357	-0.9307
1.2200	-0.1871	-0.8332	-0.4678	-0.3755	1.6348	-0.9498
1.2220	-0.1878	-0.8299	-0.4697	-0.3753	1.6339	-0.9689
1.2240	-0.1886	-0.8267	-0.4717	-0.3751	1.6330	-0.9879
1.2260	-0.1893	-0.8234	-0.4737	-0.3749	1.6321	-1.0070
1.2280	-0.1901	-0.8201	-0.4758	-0.3747	1.6312	-1.0260
1.2300	-0.1908	-0.8169	-0.4779	-0.3744	1.6303	-1.0451
1.2320	-0.1916	-0.8136	-0.4800	-0.3742	1.6294	-1.0641
1.2340	-0.1923	-0.8104	-0.4821	-0.3740	1.6285	-1.0831
1.2360	-0.1931	-0.8071	-0.4843	-0.3738	1.6275	-1.1021
1.2380	-0.1938	-0.8038	-0.4866	-0.3736	1.6266	-1.1211
1.2400	-0.1945	-0.8006	-0.4889	-0.3734	1.6257	-1.1400
1.2420	-0.1953	-0.7973	-0.4912	-0.3732	1.6248	-1.1590
1.2440	-0.1960	-0.7941	-0.4935	-0.3730	1.6238	-1.1779
1.2460	-0.1968	-0.7909	-0.4959	-0.3728	1.6229	-1.1969
1.2480	-0.1975	-0.7876	-0.4984	-0.3725	1.6219	-1.2158
1.2500	-0.1983	-0.7844	-0.5008	-0.3723	1.6210	-1.2347
1.2520	-0.1990	-0.7811	-0.5033	-0.3721	1.6201	-1.2535
1.2540	-0.1998	-0.7779	-0.5059	-0.3719	1.6191	-1.2724
1.2560	-0.2005	-0.7747	-0.5085	-0.3717	1.6181	-1.2913
1.2580	-0.2012	-0.7714	-0.5111	-0.3714	1.6172	-1.3101
1.2600	-0.2020	-0.7682	-0.5138	-0.3712	1.6162	-1.3289
1.2620	-0.2027	-0.7650	-0.5164	-0.3710	1.6152	-1.3477
1.2640	-0.2035	-0.7617	-0.5192	-0.3708	1.6143	-1.3665
1.2660	-0.2042	-0.7585	-0.5220	-0.3705	1.6133	-1.3853
1.2680	-0.2050	-0.7553	-0.5248	-0.3703	1.6123	-1.4040
1.2700	-0.2057	-0.7521	-0.5276	-0.3701	1.6113	-1.4228
1.2720	-0.2064	-0.7488	-0.5305	-0.3699	1.6103	-1.4415
1.2740	-0.2072	-0.7456	-0.5334	-0.3696	1.6093	-1.4602
1.2760	-0.2079	-0.7424	-0.5364	-0.3694	1.6083	-1.4789
1.2780	-0.2087	-0.7392	-0.5394	-0.3692	1.6073	-1.4976
1.2800	-0.2094	-0.7360	-0.5424	-0.3689	1.6063	-1.5163
1.2820	-0.2101	-0.7328	-0.5455	-0.3687	1.6053	-1.5349
1.2840	-0.2109	-0.7295	-0.5486	-0.3685	1.6043	-1.5535
1.2860	-0.2116	-0.7263	-0.5517	-0.3682	1.6032	-1.5721
1.2880	-0.2123	-0.7231	-0.5549	-0.3680	1.6022	-1.5907
1.2900	-0.2131	-0.7199	-0.5581	-0.3678	1.6012	-1.6093
1.2920	-0.2138	-0.7167	-0.5614	-0.3675	1.6001	-1.6279
1.2940	-0.2145	-0.7135	-0.5647	-0.3673	1.5991	-1.6464
1.2960	-0.2153	-0.7103	-0.5680	-0.3670	1.5980	-1.6649
1.2980	-0.2160	-0.7071	-0.5714	-0.3668	1.5970	-1.6834
1.3000	-0.2167	-0.7040	-0.5748	-0.3666	1.5959	-1.7019
1.3020	-0.2175	-0.7008	-0.5782	-0.3663	1.5948	-1.7204
1.3040	-0.2182	-0.6976	-0.5817	-0.3661	1.5938	-1.7388
1.3060	-0.2189	-0.6944	-0.5852	-0.3658	1.5927	-1.7573
1.3080	-0.2197	-0.6912	-0.5887	-0.3656	1.5916	-1.7757
1.3100	-0.2204	-0.6880	-0.5923	-0.3653	1.5905	-1.7941
1.3120	-0.2211	-0.6849	-0.5960	-0.3651	1.5894	-1.8124
1.3140	-0.2219	-0.6817	-0.5996	-0.3648	1.5883	-1.8308
1.3160	-0.2226	-0.6785	-0.6033	-0.3646	1.5872	-1.8491
1.3180	-0.2233	-0.6753	-0.6071	-0.3643	1.5861	-1.8674
1.3200	-0.2240	-0.6722	-0.6108	-0.3641	1.5850	-1.8857
1.3220	-0.2248	-0.6690	-0.6146	-0.3638	1.5839	-1.9040
1.3240	-0.2255	-0.6658	-0.6185	-0.3635	1.5828	-1.9223
1.3260	-0.2262	-0.6627	-0.6224	-0.3633	1.5817	-1.9405
1.3280	-0.2270	-0.6595	-0.6263	-0.3630	1.5805	-1.9587
1.3300	-0.2277	-0.6563	-0.6302	-0.3628	1.5794	-1.9769
1.3320	-0.2284	-0.6532	-0.6342	-0.3625	1.5782	-1.9951
1.3340	-0.2291	-0.6500	-0.6382	-0.3622	1.5771	-2.0132
1.3360	-0.2299	-0.6469	-0.6423	-0.3620	1.5759	-2.0314
1.3380	-0.2306	-0.6437	-0.6464	-0.3617	1.5748	-2.0495
1.3400	-0.2313	-0.6406	-0.6505	-0.3614	1.5736	-2.0676
1.3420	-0.2320	-0.6374	-0.6547	-0.3612	1.5725	-2.0856
1.3440	-0.2327	-0.6343	-0.6589	-0.3609	1.5713	-2.1037
1.3460	-0.2335	-0.6312	-0.6632	-0.3606	1.5701	-2.1217
1.3480	-0.2342	-0.6280	-0.6674	-0.3604	1.5689	-2.1397
1.3500	-0.2349	-0.6249	-0.6718	-0.3601	1.5677	-2.1577
1.3520	-0.2356	-0.6217	-0.6761	-0.3598	1.5665	-2.1757
1.3540	-0.2363	-0.6186	-0.6805	-0.3595	1.5653	-2.1936
1.3560	-0.2371	-0.6155	-0.6849	-0.3593	1.5641	-2.2115
1.3580	-0.2378	-0.6124	-0.6894	-0.3590	1.5629	-2.2294
1.3600	-0.2385	-0.6092	-0.6939	-0.3587	1.5617	-2.2473
1.3620	-0.2392	-0.6061	-0.6984	-0.3584	1.5605	-2.2651
1.3640	-0.2399	-0.6030	-0.7030	-0.3581	1.5593	-2.2830
1.3660	-0.2406	-0.5999	-0.7076	-0.3579	1.5580	-2.3008
1.3680	-0.2414	-0.5968	-0.7122	-0.3576	1.5568	-2.3186
1.3700	-0.2421	-0.5937	-0.7169	-0.3573	1.5556	-2.3363
1.3720	-0.2428	-0.5905	-0.7216	-0.3570	1.5543	-2.3541
1.3740	-0.2435	-0.5874	-0.7263	-0.3567	1.5531	-2.3718
1.3760	-0.2442	-0.5843	-0.7311	-0.3564	1.5518	-2.3895
1.3780	-0.2449	-0.5812	-0.7359	-0.3561	1.5506	-2.4071
1.3800	-0.2456	-0.5781	-0.7408	-0.3558	1.5493	-2.4248
1.3820	-0.2464	-0.5750	-0.7457	-0.3556	1.5480	-2.4424
1.3840	-0.2471	-0.5720	-0.7506	-0.3553	1.5468	-2.4600
1.3860	-0.2478	-0.5689	-0.7555	-0.3550	1.5455	-2.4775
1.3880	-0.2485	-0.5658	-0.7605	-0.3547	1.5442	-2.4951
1.3900	-0.2492	-0.5627	-0.7656	-0.3544	1.5429	-2.5126
1.3920	-0.2499	-0.5596	-0.7706	-0.3541	1.5416	-2.5301
1.3940	-0.2506	-0.5565	-0.7757	-0.3538	1.5403	-2.5476
1.3960	-0.2513	-0.5534	-0.7808	-0.3535	1.5390	-2.5650
1.3980	-0.2520	-0.5504	-0.7860	-0.3532	1.5377	-2.5824
1.4000	-0.2527	-0.5473	-0.7912	-0.3529	1.5364	-2.5998
1.4020	-0.2534	-0.5442	-0.7964	-0.3526	1.5350	-2.6172
1.4040	-0.2541	-0.5412	-0.8017	-0.3523	1.5337	-2.6345
1.4060	-0.2548	-0.5381	-0.8070	-0.3520	1.5324	-2.6518
1.4080	-0.2555	-0.5350	-0.8124	-0.3517	1.5311	-2.6691
1.4100	-0.2562	-0.5320	-0.8177	-0.3514	1.5297	-2.6864
1.4120	-0.2569	-0.5289	-0.8231	-0.3510	1.5284	-2.7036
1.4140	-0.2576	-0.5259	-0.8286	-0.3507	1.5270	-2.7209
1.4160	-0.2583	-0.5228	-0.8340	-0.3504	1.5257	-2.7380
1.4180	-0.2590	-0.5198	-0.8396	-0.3501	1.5243	-2.7552
1.4200	-0.2597	-0.5167	-0.8451	-0.3498	1.5229	-2.7723
1.4220	-0.2604	-0.5137	-0.8507	-0.3495	1.5216	-2.7894
1.4240	-0.2611	-0.5106	-0.8563	-0.3492	1.5202	-2.8065
1.4260	-0.2618	-0.5076	-0.8619	-0.3488	1.5188	-2.8236
1.4280	-0.2625	-0.5046	-0.8676	-0.3485	1.5174	-2.8406
1.4300	-0.2632	-0.5015	-0.8733	-0.3482	1.5160	-2.8576
1.4320	-0.2639	-0.4985	-0.8791	-0.3479	1.5146	-2.8746
1.4340	-0.2646	-0.4955	-0.8849	-0.3476	1.5132	-2.8915
1.4360	-0.2653	-0.4924	-0.8907	-0.3472	1.5118	-2.9085
1.4380	-0.2660	-0.4894	-0.8965	-0.3469	1.5104	-2.9254
1.4400	-0.2667	-0.4864	-0.9024	-0.3466	1.5090	-2.9422
1.4420	-0.2674	-0.4834	-0.9083	-0.3463	1.5076	-2.9591
1.4440	-0.2681	-0.4804	-0.9143	-0.3459	1.5062	-2.9759
1.4460	-0.2688	-0.4774	-0.9203	-0.3456	1.5047	-2.9926
1.4480	-0.2695	-0.4744	-0.9263	-0.3453	1.5033	-3.0094
1.4500	-0.2702	-0.4714	-0.9323	-0.3450	1.5019	-3.0261
1.4520	-0.2709	-0.4684	-0.9384	-0.3446	1.5004	-3.0428
1.4540	-0.2715	-0.4654	-0.9446	-0.3443	1.4990	-3.0595
1.4560	-0.2722	-0.4624	-0.9507	-0.3440	1.4975	-3.0761
1.4580	-0.2729	-0.4594	-0.9569	-0.3436	1.4961	-3.0927
1.4600	-0.2736	-0.4564	-0.9631	-0.3433	1.4946	-3.1093
1.4620	-0.2743	-0.4534	-0.9694	-0.3430	1.4931	-3.1259
1.4640	-0.2750	-0.4504	-0.9756	-0.3426	1.4917	-3.1424
1.4660	-0.2757	-0.4474	-0.9820	-0.3423	1.4902	-3.1589
1.4680	-0.2763	-0.4445	-0.9883	-0.3419	1.4887	-3.1754
1.4700	-0.2770	-0.4415	-0.9947	-0.3416	1.4872	-3.1918
1.4720	-0.2777	-0.4385	-1.0011	-0.3413	1.4857	-3.2082
1.4740	-0.2784	-0.4355	-1.0076	-0.3409	1.4843	-3.2246
1.4760	-0.2791	-0.4326	-1.0140	-0.3406	1.4828	-3.2410
1.4780	-0.2798	-0.4296	-1.0206	-0.3402	1.4813	-3.2573
1.4800	-0.2804	-0.4267	-1.0271	-0.3399	1.4798	-3.2736
1.4820	-0.2811	-0.4237	-1.0337	-0.3395	1.4782	-3.2898
1.4840	-0.2818	-0.4207	-1.0403	-0.3392	1.4767	-3.3061
1.4860	-0.2825	-0.4178	-1.0469	-0.3388	1.4752	-3.3223
1.4880	-0.2831	-0.4148	-1.0536	-0.3385	1.4737	-3.3385
1.4900	-0.2838	-0.4119	-1.0603	-0.3381	1.4722	-3.3546
1.4920	-0.2845	-0.4090	-1.0671	-0.3378	1.4706	-3.3707
1.4940	-0.2852	-0.4060	-1.0738	-0.3374	1.4691	-3.3868
1.4960	-0.2858	-0.4031	-1.0807	-0.3371	1.4676	-3.4029
1.4980	-0.2865	-0.4002	-1.0875	-0.3367	1.4660	-3.4189
1.5000	-0.2872	-0.3972	-1.0944	-0.3364	1.4645	-3.4349
1.5020	-0.2879	-0.3943	-1.1013	-0.3360	1.4629	-3.4508
1.5040	-0.2885	-0.3914	-1.1082	-0.3356	1.4613	-3.4668
1.5060	-0.2892	-0.3885	-1.1152	-0.3353	1.4598	-3.4827
1.5080	-0.2899	-0.3855	-1.1222	-0.3349	1.4582	-3.4985
1.5100	-0.2905	-0.3826	-1.1292	-0.3346	1.4567	-3.5144
1.5120	-0.2912	-0.3797	-1.1362	-0.3342	1.4551	-3.5302
1.5140	-0.2919	-0.3768	-1.1433	-0.3338	1.4535	-3.5460
1.5160	-0.2925	-0.3739	-1.1505	-0.3335	1.4519	-3.5617
1.5180	-0.2932	-0.3710	-1.1576	-0.3331	1.4503	-3.5774
1.5200	-0.2939	-0.3681	-1.1648	-0.3328	1.4487	-3.5931
1.5220	-0.2945	-0.3652	-1.1720	-0.3324	1.4472	-3.6088
1.5240	-0.2952	-0.3623	-1.1793	-0.3320	1.4456	-3.6244
1.5260	-0.2959	-0.3594	-1.1865	-0.3317	1.4440	-3.6400
1.5280	-0.2965	-0.3566	-1.1939	-0.3313	1.4424	-3.6555
1.5300	-0.2972	-0.3537	-1.2012	-0.3309	1.4407	-3.6711
1.5320	-0.2979	-0.3508	-1.2086	-0.3305	1.4391	-3.6865
1.5340	-0.2985	-0.3479	-1.2160	-0.3302	1.4375	-3.7020
1.5360	-0.2992	-0.3450	-1.2234	-0.3298	1.4359	-3.7174
1.5380	-0.2998	-0.3422	-1.2309	-0.3294	1.4343	-3.7328
1.5400	-0.3005	-0.3393	-1.2384	-0.3291	1.4326	-3.7482
1.5420	-0.3012	-0.3365	-1.2459	-0.3287	1.4310	-3.7635
1.5440	-0.3018	-0.3336	-1.2535	-0.3283	1.4294	-3.7789
1.5460	-0.3025	-0.3307	-1.2610	-0.3279	1.4277	-3.7941
1.5480	-0.3031	-0.3279	-1.2687	-0.3276	1.4261	-3.8094
1.5500	-0.3038	-0.3250	-1.2763	-0.3272	1.4245	-3.8246
1.5520	-0.3044	-0.3222	-1.2840	-0.3268	1.4228	-3.8397
1.5540	-0.3051	-0.3193	-1.2917	-0.3264	1.4211	-3.8549
1.5560	-0.3057	-0.3165	-1.2994	-0.3260	1.4195	-3.8700
1.5580	-0.3064	-0.3137	-1.3072	-0.3257	1.4178	-3.8851
1.5600	-0.3070	-0.3108	-1.3150	-0.3253	1.4162	-3.9001
1.5620	-0.3077	-0.3080	-1.3228	-0.3249	1.4145	-3.9151
1.5640	-0.3083	-0.3052	-1.3307	-0.3245	1.4128	-3.9301
1.5660	-0.3090	-0.3024	-1.3386	-0.3241	1.4112	-3.9451
1.5680	-0.3096	-0.2995	-1.3465	-0.3237	1.4095	-3.9600
1.5700	-0.3103	-0.2967	-1.3545	-0.3233	1.4078	-3.9749
1.5720	-0.3109	-0.2939	-1.3624	-0.3230	1.4061	-3.9897
1.5740	-0.3116	-0.2911	-1.3705	-0.3226	1.4044	-4.0045
1.5760	-0.3122	-0.2883	-1.3785	-0.3222	1.4027	-4.0193
1.5780	-0.3129	-0.2855	-1.3866	-0.3218	1.4010	-4.0341
1.5800	-0.3135	-0.2827	-1.3947	-0.3214	1.3993	-4.0488
1.5820	-0.3141	-0.2799	-1.4028	-0.3210	1.3976	-4.0635
1.5840	-0.3148	-0.2771	-1.4109	-0.3206	1.3959	-4.0781
1.5860	-0.3154	-0.2743	-1.4191	-0.3202	1.3942	-4.0927
1.5880	-0.3161	-0.2715	-1.4273	-0.3198	1.3925	-4.1073
1.5900	-0.3167	-0.2688	-1.4356	-0.3194	1.3908	-4.1219
1.5920	-0.3173	-0.2660	-1.4439	-0.3191	1.3891	-4.1364
1.5940	-0.3180	-0.2632	-1.4522	-0.3187	1.3874	-4.1509
1.5960	-0.3186	-0.2604	-1.4605	-0.3183	1.3857	-4.1653
1.5980	-0.3192	-0.2577	-1.4689	-0.3179	1.3839	-4.1798
1.6000	-0.3199	-0.2549	-1.4772	-0.3175	1.3822	-4.1941
1.6020	-0.3205	-0.2521	-1.4857	-0.3171	1.3805	-4.2085
1.6040	-0.3211	-0.2494	-1.4941	-0.3167	1.3787	-4.2228
1.6060	-0.3218	-0.2466	-1.5026	-0.3163	1.3770	-4.2371
1.6080	-0.3224	-0.2439	-1.5111	-0.3159	1.3753	-4.2514
1.6100	-0.3230	-0.2411	-1.5196	-0.3155	1.3735	-4.2656
1.6120	-0.3237	-0.2384	-1.5282	-0.3151	1.3718	-4.2798
1.6140	-0.3243	-0.2357	-1.5368	-0.3147	1.3700	-4.2939
1.6160	-0.3249	-0.2329	-1.5454	-0.3143	1.3683	-4.3080
1.6180	-0.3256	-0.2302	-1.5540	-0.3139	1.3665	-4.3221
1.6200	-0.3262	-0.2275	-1.5627	-0.3135	1.3648	-4.3362
1.6220	-0.3268	-0.2247	-1.5714	-0.3131	1.3630	-4.3502
1.6240	-0.3274	-0.2220	-1.5801	-0.3127	1.3613	-4.3642
1.6260	-0.3281	-0.2193	-1.5889	-0.3123	1.3595	-4.3781
1.6280	-0.3287	-0.2166	-1.5977	-0.3118	1.3577	-4.3920
1.6300	-0.3293	-0.2139	-1.6065	-0.3114	1.3560	-4.4059
1.6320	-0.3299	-0.2111	-1.6153	-0.3110	1.3542	-4.4198
1.6340	-0.3306	-0.2084	-1.6242	-0.3106	1.3524	-4.4336
1.6360	-0.3312	-0.2057	-1.6331	-0.3102	1.3506	-4.4473
1.6380	-0.3318	-0.2030	-1.6420	-0.3098	1.3489	-4.4611
1.6400	-0.3324	-0.2003	-1.6509	-0.3094	1.3471	-4.4748
1.6420	-0.3330	-0.1977	-1.6599	-0.3090	1.3453	-4.4885
1.6440	-0.3336	-0.1950	-1.6689	-0.3086	1.3435	-4.5021
1.6460	-0.3343	-0.1923	-1.6780	-0.3082	1.3417	-4.5157
1.6480	-0.3349	-0.1896	-1.6870	-0.3078	1.3399	-4.5293
1.6500	-0.3355	-0.1869	-1.6961	-0.3073	1.3381	-4.5428
1.6520	-0.3361	-0.1843	-1.7052	-0.3069	1.3363	-4.5564
1.6540	-0.3367	-0.1816	-1.7144	-0.3065	1.3345	-4.5698
